[gd_scene load_steps=10 format=3 uid="uid://bdowjubswlb3t"]

[ext_resource type="Material" uid="uid://3ba6iqljchsj" path="res://materials/default_gray_box.tres" id="1_nl1b3"]
[ext_resource type="PackedScene" uid="uid://tp7nqlboomeq" path="res://props/bt_mp9_prop.tscn" id="2_026sw"]
[ext_resource type="PackedScene" uid="uid://nhegdly8anth" path="res://props/spas_prop.tscn" id="3_myrj3"]
[ext_resource type="PackedScene" uid="uid://djhfwbd3pc7ot" path="res://props/usp_prop.tscn" id="4_tl1id"]
[ext_resource type="PackedScene" uid="uid://chwkvha04qf56" path="res://player/player.tscn" id="5_2thxg"]

[sub_resource type="PlaneMesh" id="PlaneMesh_y24fj"]
size = Vector2(50, 50)

[sub_resource type="ConcavePolygonShape3D" id="ConcavePolygonShape3D_bx3c8"]
data = PackedVector3Array(25, 0, 25, -25, 0, 25, 25, 0, -25, -25, 0, 25, -25, 0, -25, 25, 0, -25)

[sub_resource type="BoxMesh" id="BoxMesh_jx5jd"]
size = Vector3(10, 1, 1)

[sub_resource type="BoxShape3D" id="BoxShape3D_igi32"]
size = Vector3(10, 1, 1)

[node name="E0m0" type="Node3D"]

[node name="LevelMesh" type="Node3D" parent="."]

[node name="MeshInstance3D" type="MeshInstance3D" parent="LevelMesh" groups=["level_mesh"]]
material_override = ExtResource("1_nl1b3")
mesh = SubResource("PlaneMesh_y24fj")
skeleton = NodePath("../..")

[node name="StaticBody3D" type="StaticBody3D" parent="LevelMesh/MeshInstance3D" groups=["level_mesh"]]

[node name="CollisionShape3D" type="CollisionShape3D" parent="LevelMesh/MeshInstance3D/StaticBody3D"]
shape = SubResource("ConcavePolygonShape3D_bx3c8")

[node name="MeshInstance3D2" type="MeshInstance3D" parent="LevelMesh" groups=["level_mesh"]]
transform = Transform3D(1, 0, 0, 0, 1, 0, 0, 0, 1, 0, 0.5, -9.77086)
mesh = SubResource("BoxMesh_jx5jd")

[node name="StaticBody3D" type="StaticBody3D" parent="LevelMesh/MeshInstance3D2" groups=["level_mesh"]]

[node name="CollisionShape3D" type="CollisionShape3D" parent="LevelMesh/MeshInstance3D2/StaticBody3D"]
shape = SubResource("BoxShape3D_igi32")

[node name="Props" type="Node3D" parent="."]
transform = Transform3D(1, 0, 0, 0, 1, 0, 0, 0, 1, 0, 2.38419e-07, -1.19209e-07)

[node name="BtMp9Prop" parent="Props" instance=ExtResource("2_026sw")]
transform = Transform3D(-4.37114e-08, 0.866025, 0.5, -1, -3.78552e-08, -2.18557e-08, 0, -0.5, 0.866025, -4.657, 1.2, -9.936)

[node name="SpasProp" parent="Props" instance=ExtResource("3_myrj3")]
transform = Transform3D(-4.37114e-08, 0.866025, 0.5, -1, -3.78552e-08, -2.18557e-08, 0, -0.5, 0.866025, -3.888, 1.2, -9.826)

[node name="UspProp" parent="Props" instance=ExtResource("4_tl1id")]
transform = Transform3D(-3.78552e-08, 0.866025, 0.5, -1, -4.37114e-08, 0, 2.18557e-08, -0.5, 0.866025, -3.306, 1.2, -10.029)

[node name="DirectionalLight3D" type="DirectionalLight3D" parent="."]
transform = Transform3D(1, 0, 0, 0, 0.578897, 0.815401, 0, -0.815401, 0.578897, 0, 3.66403, 0)

[node name="player" parent="." instance=ExtResource("5_2thxg")]
transform = Transform3D(1, 0, 0, 0, 1, 0, 0, 0, 1, -6.31325, 1.5915, -9.83232)
